111.10	9955.612500
211.10	9735.100000
311.10	9458.075000
411.10	9165.362500
511.10	8884.675000
611.10	8581.550000
711.10	8321.737500
811.10	8052.725000
911.10	7815.862500
1011.10	7567.937500
1111.10	7331.437500
1211.10	7093.175000
1311.10	6877.337500
1411.10	6659.525000
1511.10	6407.887500
1611.10	6142.550000
1711.10	5923.875000
1811.10	5704.437500
1911.10	5496.162500
2011.10	5341.350000
2111.10	5195.375000
2211.10	5040.425000
2311.10	4897.225000
2411.10	4736.875000
2511.10	4643.350000
2611.10	4542.525000
2711.10	4492.012500
2811.10	4423.812500
2911.10	4395.887500
3011.10	4361.425000
3111.10	4335.412500
3211.10	4313.300000
3311.10	4282.225000
3411.10	4258.575000
3511.10	4240.250000
3611.10	4229.212500
3711.10	4217.612500
3811.10	4207.262500
3911.10	4193.962500
4011.10	4182.987500
4111.10	4172.012500
4211.10	4161.037500
4311.10	4150.062500
4411.10	4139.087500
4511.10	4128.112500
4611.10	4117.137500
4711.10	4106.162500
4811.10	4095.187500
4911.10	4084.212500
5011.10	4073.237500
5111.10	4062.262500
5211.10	4051.287500
5311.10	4040.225000
5411.10	4029.125000
5511.10	4019.325000
5611.10	4007.900000
5711.10	3997.875000
5811.10	3984.362500
5911.10	3974.225000
6011.10	3963.025000
6111.10	3952.737500
6211.10	3938.925000
6311.10	3928.575000
6411.10	3918.225000
6511.10	3907.875000
6611.10	3897.525000
6711.10	3887.175000
6811.10	3876.825000
6911.10	3866.475000
7011.10	3856.125000
7111.10	3845.775000
7211.10	3835.425000
7311.10	3825.075000
7411.10	3814.725000
7511.10	3804.050000
7611.10	3794.037500
7711.10	3784.025000
7811.10	3774.012500
7911.10	3764.000000
8011.10	3753.987500
8111.10	3743.975000
8211.10	3733.962500
8311.10	3723.950000
8411.10	3713.937500
8511.10	3703.925000
8611.10	3693.912500
8711.10	3683.900000
8811.10	3673.887500
8911.10	3663.875000
9011.10	3653.862500
9111.10	3643.850000
9211.10	3633.837500
9311.10	3623.825000
9411.10	3613.812500
9511.10	3603.800000
9611.10	3593.787500
9711.10	3583.775000
9811.10	3573.762500
9911.10	3563.750000
10011.10	3553.737500
10111.10	3462.037500
10211.10	3377.150000
10311.10	3308.862500
10411.10	3274.287500
10511.10	3208.862500
10611.10	3144.312500
10711.10	3107.550000
10811.10	3089.237500
10911.10	3010.600000
11011.10	2992.737500
11111.10	2966.287500
11211.10	2905.400000
11311.10	2864.012500
11411.10	2819.087500
11511.10	2774.887500
11611.10	2738.300000
11711.10	2725.787500
11811.10	2695.900000
11911.10	2670.462500
12011.10	2630.612500
12111.10	2573.087500
12211.10	2536.112500
12311.10	2491.175000
12411.10	2445.637500
12511.10	2424.262500
12611.10	2388.225000
12711.10	2354.137500
12811.10	2320.512500
12911.10	2301.425000
13011.10	2294.700000
13111.10	2282.462500
13211.10	2276.525000
13311.10	2264.425000
13411.10	2254.562500
13511.10	2246.725000
13611.10	2239.650000
13711.10	2232.075000
13811.10	2221.400000
13911.10	2211.650000
14011.10	2203.962500
14111.10	2197.262500
14211.10	2189.937500
14311.10	2183.237500
14411.10	2175.912500
14511.10	2169.212500
14611.10	2161.887500
14711.10	2155.187500
14811.10	2147.862500
14911.10	2141.162500
15011.10	2134.462500
15111.10	2126.887500
15211.10	2120.712500
15311.10	2110.112500
15411.10	2103.687500
15511.10	2096.062500
15611.10	2089.550000
15711.10	2082.412500
15811.10	2075.900000
15911.10	2068.762500
16011.10	2062.187500
16111.10	2055.962500
16211.10	2049.112500
16311.10	2042.737500
16411.10	2036.075000
16511.10	2030.037500
16611.10	2023.375000
16711.10	2016.950000
16811.10	2010.600000
16911.10	2004.750000
17011.10	1998.400000
17111.10	1992.675000
17211.10	1986.237500
17311.10	1980.412500
17411.10	1972.600000
17511.10	1966.687500
17611.10	1961.037500
17711.10	1954.825000
17811.10	1949.325000
17911.10	1940.700000
18011.10	1935.137500
18111.10	1929.075000
18211.10	1923.637500
18311.10	1918.075000
18411.10	1912.012500
18511.10	1906.450000
18611.10	1900.387500
18711.10	1894.825000
18811.10	1888.762500
18911.10	1883.200000
19011.10	1877.137500
19111.10	1871.575000
19211.10	1865.512500
19311.10	1860.075000
19411.10	1854.512500
19511.10	1848.450000
19611.10	1842.787500
19711.10	1836.725000
19811.10	1831.250000
19911.10	1825.187500
20011.10	1819.712500
20111.10	1813.650000
20211.10	1808.175000
20311.10	1802.112500
20411.10	1796.675000
20511.10	1791.200000
20611.10	1782.237500
20711.10	1779.575000
20811.10	1771.412500
20911.10	1768.412500
21011.10	1762.412500
21111.10	1754.612500
21211.10	1750.550000
21311.10	1742.162500
21411.10	1737.675000
21511.10	1719.912500
21611.10	1715.600000
21711.10	1708.900000
21811.10	1704.087500
21911.10	1695.187500
22011.10	1688.875000
22111.10	1683.700000
22211.10	1678.450000
22311.10	1674.225000
22411.10	1667.887500
22511.10	1663.412500
22611.10	1655.837500
22711.10	1651.862500
22811.10	1645.937500
22911.10	1641.875000
23011.10	1633.750000
23111.10	1629.125000
23211.10	1623.975000
23311.10	1619.050000
23411.10	1614.137500
23511.10	1605.762500
23611.10	1600.850000
23711.10	1595.575000
23811.10	1591.187500
23911.10	1585.650000
24011.10	1581.262500
24111.10	1576.200000
24211.10	1571.337500
24311.10	1566.275000
24411.10	1561.412500
24511.10	1556.262500
24611.10	1551.587500
24711.10	1546.800000
24811.10	1542.075000
24911.10	1537.875000
25011.10	1532.525000
25111.10	1528.325000
25211.10	1523.450000
25311.10	1518.775000
25411.10	1513.900000
25511.10	1509.225000
25611.10	1503.087500
25711.10	1499.250000
25811.10	1494.650000
25911.10	1490.762500
26011.10	1487.400000
26111.10	1482.237500
26211.10	1478.875000
26311.10	1474.187500
26411.10	1470.350000
26511.10	1465.662500
26611.10	1461.825000
26711.10	1457.137500
26811.10	1453.150000
26911.10	1448.550000
27011.10	1444.800000
27111.10	1441.437500
27211.10	1436.412500
27311.10	1433.050000
27411.10	1428.450000
27511.10	1424.662500
27611.10	1420.062500
27711.10	1416.275000
27811.10	1411.675000
27911.10	1407.887500
28011.10	1403.137500
28111.10	1399.387500
28211.10	1396.025000
28311.10	1391.137500
28411.10	1387.775000
28511.10	1383.075000
28611.10	1379.625000
28711.10	1375.237500
28811.10	1371.462500
28911.10	1367.250000
29011.10	1361.087500
29111.10	1356.812500
29211.10	1353.250000
29311.10	1350.075000
29411.10	1345.375000
29511.10	1339.937500
29611.10	1337.487500
29711.10	1333.825000
29811.10	1330.125000
29911.10	1325.912500
30011.10	1322.212500
30111.10	1319.187500
30211.10	1314.300000
30311.10	1311.312500
30411.10	1307.525000
30511.10	1303.400000
30611.10	1299.612500
30711.10	1295.912500
30811.10	1291.700000
30911.10	1288.000000
31011.10	1283.787500
31111.10	1280.087500
31211.10	1277.062500
31311.10	1272.175000
31411.10	1269.187500
31511.10	1265.400000
31611.10	1261.275000
31711.10	1257.487500
31811.10	1253.550000
31911.10	1250.712500
32011.10	1248.287500
32111.10	1245.450000
32211.10	1243.025000
32311.10	1241.275000
32411.10	1237.762500
32511.10	1236.050000
32611.10	1233.637500
32711.10	1230.787500
32811.10	1228.375000
32911.10	1225.950000
33011.10	1223.112500
33111.10	1220.687500
33211.10	1217.850000
33311.10	1215.425000
33411.10	1213.675000
33511.10	1210.162500
33611.10	1208.450000
33711.10	1206.037500
33811.10	1203.187500
33911.10	1200.550000
34011.10	1198.125000
34111.10	1195.562500
34211.10	1193.137500
34311.10	1190.575000
34411.10	1188.150000
34511.10	1186.400000
34611.10	1182.862500
34711.10	1181.375000
34811.10	1179.425000
34911.10	1176.650000
35011.10	1174.700000
35111.10	1172.625000
35211.10	1170.250000
35311.10	1168.175000
35411.10	1165.837500
35511.10	1163.725000
35611.10	1162.200000
35711.10	1159.275000
35811.10	1157.787500
35911.10	1155.837500
36011.10	1153.337500
36111.10	1151.387500
36211.10	1149.312500
36311.10	1146.937500
36411.10	1144.862500
36511.10	1142.437500
36611.10	1140.462500
36711.10	1139.075000
36811.10	1136.287500
36911.10	1134.937500
37011.10	1133.125000
37111.10	1130.762500
37211.10	1128.950000
37311.10	1127.012500
37411.10	1124.775000
37511.10	1122.837500
37611.10	1120.637500
37711.10	1118.662500
37811.10	1117.275000
37911.10	1114.487500
38011.10	1113.137500
38111.10	1111.325000
38211.10	1108.962500
38311.10	1107.150000
38411.10	1105.212500
38511.10	1102.975000
38611.10	1100.637500
38711.10	1098.837500
38811.10	1097.050000
38911.10	1096.062500
39011.10	1093.462500
39111.10	1092.512500
39211.10	1091.100000
39311.10	1088.925000
39411.10	1087.512500
39511.10	1085.762500
39611.10	1083.925000
39711.10	1082.175000
39811.10	1080.375000
39911.10	1078.587500
111.10	9909.800000
211.10	9643.950000
311.10	9340.712500
411.10	9022.812500
111.10	9948.762500
111.10	9928.400000
211.10	9714.800000
311.10	9427.737500
411.10	9140.037500
511.10	8835.875000
611.10	8564.387500
711.10	8295.550000
811.10	8059.987500
911.10	7814.512500
1011.10	7570.675000
1111.10	7357.312500
1211.10	7142.775000
1311.10	6954.425000
1411.10	6760.112500
1511.10	6555.300000
1611.10	6363.550000
1711.10	6188.850000
1811.10	6026.275000
1911.10	5829.887500
2011.10	5669.725000
2111.10	5515.387500
2211.10	5423.225000
2311.10	5315.437500
2411.10	5268.350000
2511.10	5217.137500
2611.10	5162.912500
2711.10	5099.062500
2811.10	5072.350000
2911.10	5059.687500
3011.10	5043.850000
3111.10	5032.300000
3211.10	5018.712500
3311.10	5007.887500
3411.10	4996.425000
3511.10	4985.512500
3611.10	4974.537500
3711.10	4952.150000
3811.10	4927.737500
3911.10	4903.325000
4011.10	4878.912500
4111.10	4854.500000
4211.10	4830.087500
4311.10	4805.675000
4411.10	4781.262500
4511.10	4756.850000
4611.10	4732.437500
4711.10	4708.025000
4811.10	4683.612500
4911.10	4663.262500
5011.10	4652.912500
5111.10	4641.250000
5211.10	4630.675000
5311.10	4619.937500
5411.10	4609.362500
5511.10	4598.787500
5611.10	4588.050000
5711.10	4577.475000
5811.10	4566.737500
5911.10	4556.162500
6011.10	4544.950000
6111.10	4534.775000
6211.10	4524.375000
6311.10	4511.187500
6411.10	4500.787500
6511.10	4490.550000
6611.10	4480.312500
6711.10	4469.912500
6811.10	4459.675000
6911.10	4449.275000
7011.10	4439.037500
7111.10	4428.637500
7211.10	4418.400000
7311.10	4408.000000
7411.10	4397.762500
7511.10	4387.362500
7611.10	4377.125000
7711.10	4366.887500
7811.10	4356.487500
7911.10	4346.250000
8011.10	4335.850000
8111.10	4325.612500
8211.10	4315.212500
8311.10	4304.975000
8411.10	4294.575000
8511.10	4284.337500
8611.10	4273.937500
8711.10	4263.700000
8811.10	4253.462500
8911.10	4243.062500
9011.10	4232.825000
9111.10	4222.425000
9211.10	4212.187500
9311.10	4201.787500
9411.10	4191.550000
9511.10	4181.150000
9611.10	4170.912500
9711.10	4160.512500
9811.10	4150.212500
9911.10	4140.162500
10011.10	4129.950000
10111.10	4067.037500
10211.10	4006.700000
10311.10	3938.612500
10411.10	3868.112500
10511.10	3805.762500
10611.10	3737.975000
10711.10	3670.100000
10811.10	3608.825000
10911.10	3530.450000
11011.10	3456.962500
11111.10	3396.537500
11211.10	3344.112500
11311.10	3302.612500
11411.10	3240.450000
11511.10	3205.187500
11611.10	3128.825000
11711.10	3053.837500
11811.10	2991.412500
11911.10	2898.512500
12011.10	2814.887500
12111.10	2762.225000
12211.10	2721.525000
12311.10	2689.275000
12411.10	2671.850000
12511.10	2656.325000
12611.10	2645.462500
12711.10	2636.050000
12811.10	2628.637500
12911.10	2610.237500
13011.10	2600.750000
13111.10	2592.400000
13211.10	2580.075000
13311.10	2571.150000
13411.10	2560.187500
13511.10	2552.387500
13611.10	2541.500000
13711.10	2534.762500
13811.10	2528.050000
13911.10	2520.900000
14011.10	2514.412500
14111.10	2500.350000
14211.10	2493.275000
14311.10	2486.937500
14411.10	2476.837500
14511.10	2469.837500
14611.10	2462.862500
14711.10	2456.825000
14811.10	2449.512500
14911.10	2440.025000
15011.10	2435.475000
15111.10	2429.200000
15211.10	2421.912500
15311.10	2416.225000
15411.10	2407.412500
15511.10	2402.612500
15611.10	2396.087500
15711.10	2389.887500
15811.10	2382.812500
15911.10	2376.612500
16011.10	2369.537500
16111.10	2362.987500
16211.10	2356.562500
16311.10	2350.750000
16411.10	2345.712500
16511.10	2338.675000
16611.10	2333.475000
16711.10	2326.587500
16811.10	2321.737500
16911.10	2316.200000
17011.10	2312.125000
17111.10	2307.250000
17211.10	2302.775000
17311.10	2297.550000
17411.10	2293.012500
17511.10	2289.250000
17611.10	2283.700000
17711.10	2279.775000
17811.10	2274.375000
17911.10	2270.300000
18011.10	2264.650000
18111.10	2261.025000
18211.10	2254.812500
18311.10	2248.475000
18411.10	2241.587500
18511.10	2235.187500
18611.10	2229.475000
18711.10	2222.062500
18811.10	2216.187500
18911.10	2208.925000
19011.10	2202.900000
19111.10	2195.637500
19211.10	2189.450000
19311.10	2182.387500
19411.10	2177.612500
19511.10	2170.087500
19611.10	2164.925000
19711.10	2151.612500
19811.10	2143.962500
19911.10	2141.825000
20011.10	2136.775000
20111.10	2131.800000
20211.10	2125.562500
20311.10	2118.150000
20411.10	2114.800000
20511.10	2110.775000
20611.10	2107.150000
20711.10	2101.037500
20811.10	2098.825000
20911.10	2093.562500
21011.10	2088.400000
21111.10	2080.975000
21211.10	2078.100000
21311.10	2073.862500
21411.10	2070.987500
21511.10	2067.450000
21611.10	2064.137500
21711.10	2060.400000
21811.10	2057.025000
21911.10	2054.462500
22011.10	2050.075000
22111.10	2047.350000
22211.10	2043.112500
22311.10	2040.237500
22411.10	2036.000000
22511.10	2033.125000
22611.10	2029.587500
22711.10	2026.175000
22811.10	2022.437500
22911.10	2019.150000
23011.10	2016.587500
23111.10	2012.287500
23211.10	2009.562500
23311.10	2005.387500
23411.10	2002.537500
23511.10	1998.362500
23611.10	1995.512500
23711.10	1992.037500
23811.10	1988.750000
23911.10	1985.012500
24011.10	1981.725000
24111.10	1979.162500
24211.10	1974.862500
24311.10	1972.137500
24411.10	1967.962500
24511.10	1965.112500
24611.10	1960.937500
24711.10	1958.087500
24811.10	1954.612500
24911.10	1951.325000
25011.10	1947.587500
25111.10	1944.300000
25211.10	1941.737500
25311.10	1937.437500
25411.10	1934.712500
25511.10	1930.537500
25611.10	1927.687500
25711.10	1923.512500
25811.10	1920.662500
25911.10	1917.187500
26011.10	1913.900000
26111.10	1910.162500
26211.10	1906.875000
26311.10	1904.312500
26411.10	1900.012500
26511.10	1897.287500
26611.10	1893.112500
26711.10	1890.262500
26811.10	1886.087500
26911.10	1883.237500
27011.10	1879.762500
27111.10	1876.475000
27211.10	1872.737500
27311.10	1869.450000
27411.10	1866.887500
27511.10	1862.587500
27611.10	1859.862500
27711.10	1855.687500
27811.10	1852.837500
27911.10	1848.662500
28011.10	1845.812500
28111.10	1842.337500
28211.10	1839.050000
28311.10	1835.312500
28411.10	1832.025000
28511.10	1829.462500
28611.10	1825.162500
28711.10	1822.437500
28811.10	1818.262500
28911.10	1815.412500
29011.10	1811.237500
29111.10	1808.387500
29211.10	1804.912500
29311.10	1801.625000
29411.10	1797.887500
29511.10	1794.600000
29611.10	1792.037500
29711.10	1787.737500
29811.10	1785.012500
29911.10	1780.837500
30011.10	1777.987500
30111.10	1773.812500
30211.10	1770.962500
30311.10	1767.487500
30411.10	1764.200000
30511.10	1760.462500
30611.10	1757.175000
30711.10	1754.612500
30811.10	1750.312500
30911.10	1747.587500
31011.10	1743.412500
31111.10	1740.562500
31211.10	1736.387500
31311.10	1733.537500
31411.10	1730.062500
31511.10	1726.775000
31611.10	1723.037500
31711.10	1719.750000
31811.10	1717.187500
31911.10	1712.887500
32011.10	1710.162500
32111.10	1705.987500
32211.10	1703.137500
32311.10	1698.962500
32411.10	1696.112500
32511.10	1692.637500
32611.10	1689.350000
32711.10	1685.612500
32811.10	1682.325000
32911.10	1679.762500
33011.10	1675.462500
33111.10	1672.737500
33211.10	1668.562500
33311.10	1665.712500
33411.10	1661.537500
33511.10	1658.687500
33611.10	1655.212500
33711.10	1651.925000
33811.10	1647.475000
33911.10	1645.225000
34011.10	1643.000000
34111.10	1639.737500
34211.10	1637.350000
34311.10	1634.212500
34411.10	1631.700000
34511.10	1628.562500
34611.10	1626.750000
34711.10	1623.612500
34811.10	1621.362500
34911.10	1617.962500
35011.10	1615.712500
35111.10	1613.487500
35211.10	1610.225000
35311.10	1607.837500
35411.10	1604.700000
35511.10	1602.187500
35611.10	1599.050000
35711.10	1597.237500
35811.10	1594.100000
35911.10	1591.850000
36011.10	1588.450000
36111.10	1586.200000
36211.10	1583.975000
36311.10	1580.712500
36411.10	1578.325000
36511.10	1575.187500
36611.10	1572.675000
36711.10	1569.537500
36811.10	1567.725000
36911.10	1564.587500
37011.10	1562.337500
37111.10	1558.937500
37211.10	1556.687500
37311.10	1554.462500
37411.10	1551.200000
37511.10	1548.812500
37611.10	1545.675000
37711.10	1543.162500
37811.10	1539.900000
37911.10	1538.087500
38011.10	1535.087500
38111.10	1532.837500
38211.10	1529.575000
38311.10	1527.325000
38411.10	1525.100000
38511.10	1521.975000
38611.10	1519.587500
38711.10	1516.587500
38811.10	1514.075000
38911.10	1511.075000
39011.10	1509.262500
39111.10	1506.162500
39211.10	1503.912500
39311.10	1500.737500
39411.10	1498.487500
39511.10	1496.350000
39611.10	1493.225000
39711.10	1490.925000
39811.10	1487.925000
39911.10	1485.500000
111.10	9932.962500
211.10	9694.887500
311.10	9407.512500
411.10	9111.475000
511.10	8788.462500
611.10	8482.375000
711.10	8195.375000
811.10	7974.825000
911.10	7766.575000
1011.10	7571.675000
1111.10	7384.825000
1211.10	7213.112500
1311.10	7042.762500
1411.10	6865.150000
1511.10	6734.737500
1611.10	6625.512500
1711.10	6546.175000
1811.10	6482.537500
1911.10	6470.725000
2011.10	6455.000000
2111.10	6439.925000
2211.10	6428.200000
2311.10	6402.100000
2411.10	6385.087500
2511.10	6372.050000
2611.10	6360.312500
2711.10	6341.612500
2811.10	6329.137500
2911.10	6312.700000
3011.10	6301.012500
3111.10	6284.587500
3211.10	6270.137500
3311.10	6258.650000
3411.10	6246.762500
3511.10	6235.850000
3611.10	6221.575000
3711.10	6210.087500
3811.10	6198.600000
3911.10	6187.112500
4011.10	6175.625000
4111.10	6164.137500
4211.10	6152.650000
4311.10	6141.162500
4411.10	6129.675000
4511.10	6118.187500
4611.10	6106.700000
4711.10	6095.212500
4811.10	6083.725000
4911.10	6072.237500
5011.10	6060.750000
5111.10	6049.262500
5211.10	6037.775000
5311.10	6026.287500
5411.10	6014.800000
5511.10	6003.312500
5611.10	5991.825000
5711.10	5980.337500
5811.10	5968.850000
5911.10	5957.362500
6011.10	5945.875000
6111.10	5934.387500
6211.10	5922.900000
6311.10	5911.412500
6411.10	5899.925000
6511.10	5888.437500
6611.10	5876.950000
6711.10	5865.462500
6811.10	5853.975000
6911.10	5842.487500
7011.10	5831.000000
7111.10	5819.512500
7211.10	5808.025000
7311.10	5796.537500
7411.10	5785.050000
7511.10	5773.562500
7611.10	5762.075000
7711.10	5750.587500
7811.10	5739.100000
7911.10	5727.612500
8011.10	5716.125000
8111.10	5704.637500
8211.10	5693.150000
8311.10	5681.662500
8411.10	5670.175000
8511.10	5658.687500
8611.10	5647.200000
8711.10	5635.712500
8811.10	5624.225000
8911.10	5612.737500
9011.10	5601.250000
9111.10	5589.762500
9211.10	5578.275000
9311.10	5566.787500
9411.10	5555.300000
9511.10	5543.812500
9611.10	5532.325000
9711.10	5520.837500
9811.10	5509.350000
9911.10	5497.862500
111.10	10000.000000
211.10	10000.000000
311.10	10000.000000
411.10	10000.000000
511.10	10000.000000
611.10	10000.000000
711.10	10000.000000
811.10	10000.000000
911.10	10000.000000
1011.10	10000.000000
1111.10	10000.000000
1211.10	10000.000000
1311.10	10000.000000
1411.10	10000.000000
1511.10	10000.000000
1611.10	10000.000000
1711.10	10000.000000
1811.10	10000.000000
1911.10	10000.000000
2011.10	10000.000000
2111.10	10000.000000
2211.10	10000.000000
2311.10	10000.000000
2411.10	10000.000000
2511.10	10000.000000
2611.10	10000.000000
2711.10	10000.000000
2811.10	10000.000000
2911.10	10000.000000
3011.10	10000.000000
3111.10	10000.000000
3211.10	10000.000000
3311.10	10000.000000
3411.10	10000.000000
3511.10	10000.000000
3611.10	10000.000000
3711.10	10000.000000
3811.10	10000.000000
3911.10	10000.000000
4011.10	10000.000000
4111.10	10000.000000
4211.10	10000.000000
4311.10	10000.000000
4411.10	10000.000000
4511.10	10000.000000
4611.10	10000.000000
4711.10	10000.000000
4811.10	10000.000000
4911.10	10000.000000
5011.10	10000.000000
5111.10	10000.000000
5211.10	10000.000000
5311.10	10000.000000
5411.10	10000.000000
5511.10	10000.000000
5611.10	10000.000000
5711.10	10000.000000
5811.10	10000.000000
5911.10	10000.000000
6011.10	10000.000000
6111.10	10000.000000
6211.10	10000.000000
6311.10	10000.000000
6411.10	10000.000000
6511.10	10000.000000
6611.10	10000.000000
6711.10	10000.000000
6811.10	10000.000000
6911.10	10000.000000
7011.10	10000.000000
7111.10	10000.000000
7211.10	10000.000000
7311.10	10000.000000
7411.10	10000.000000
7511.10	10000.000000
7611.10	10000.000000
7711.10	10000.000000
7811.10	10000.000000
7911.10	10000.000000
8011.10	10000.000000
8111.10	10000.000000
8211.10	10000.000000
8311.10	10000.000000
8411.10	10000.000000
8511.10	10000.000000
8611.10	10000.000000
8711.10	10000.000000
8811.10	10000.000000
8911.10	10000.000000
9011.10	10000.000000
9111.10	10000.000000
9211.10	10000.000000
9311.10	10000.000000
9411.10	10000.000000
9511.10	10000.000000
9611.10	10000.000000
9711.10	10000.000000
9811.10	10000.000000
9911.10	10000.000000
10011.10	10000.000000
10111.10	10000.000000
10211.10	10000.000000
10311.10	10000.000000
10411.10	10000.000000
10511.10	10000.000000
10611.10	10000.000000
10711.10	10000.000000
10811.10	10000.000000
10911.10	10000.000000
11011.10	10000.000000
11111.10	10000.000000
11211.10	10000.000000
11311.10	10000.000000
11411.10	10000.000000
11511.10	10000.000000
11611.10	10000.000000
11711.10	10000.000000
11811.10	10000.000000
11911.10	10000.000000
12011.10	10000.000000
12111.10	10000.000000
12211.10	10000.000000
12311.10	10000.000000
12411.10	10000.000000
12511.10	10000.000000
12611.10	10000.000000
12711.10	10000.000000
12811.10	10000.000000
12911.10	10000.000000
13011.10	10000.000000
13111.10	10000.000000
13211.10	10000.000000
13311.10	10000.000000
13411.10	10000.000000
13511.10	10000.000000
13611.10	10000.000000
13711.10	10000.000000
13811.10	10000.000000
13911.10	10000.000000
14011.10	10000.000000
14111.10	10000.000000
14211.10	10000.000000
14311.10	10000.000000
14411.10	10000.000000
14511.10	10000.000000
14611.10	10000.000000
14711.10	10000.000000
14811.10	10000.000000
14911.10	10000.000000
15011.10	10000.000000
15111.10	10000.000000
15211.10	10000.000000
15311.10	10000.000000
15411.10	10000.000000
15511.10	10000.000000
15611.10	10000.000000
15711.10	10000.000000
15811.10	10000.000000
15911.10	10000.000000
16011.10	10000.000000
16111.10	10000.000000
16211.10	10000.000000
16311.10	10000.000000
16411.10	10000.000000
16511.10	10000.000000
16611.10	10000.000000
16711.10	10000.000000
16811.10	10000.000000
16911.10	10000.000000
17011.10	10000.000000
17111.10	10000.000000
17211.10	10000.000000
17311.10	10000.000000
17411.10	10000.000000
17511.10	10000.000000
17611.10	10000.000000
17711.10	10000.000000
17811.10	10000.000000
17911.10	10000.000000
18011.10	10000.000000
18111.10	10000.000000
18211.10	10000.000000
18311.10	10000.000000
18411.10	10000.000000
18511.10	10000.000000
18611.10	10000.000000
18711.10	10000.000000
18811.10	10000.000000
18911.10	10000.000000
19011.10	10000.000000
19111.10	10000.000000
19211.10	10000.000000
19311.10	10000.000000
19411.10	10000.000000
19511.10	10000.000000
19611.10	10000.000000
19711.10	10000.000000
19811.10	10000.000000
19911.10	10000.000000
20011.10	10000.000000
20111.10	10000.000000
20211.10	10000.000000
20311.10	10000.000000
20411.10	10000.000000
20511.10	10000.000000
20611.10	10000.000000
20711.10	10000.000000
20811.10	10000.000000
20911.10	10000.000000
21011.10	10000.000000
21111.10	10000.000000
21211.10	10000.000000
21311.10	10000.000000
21411.10	10000.000000
21511.10	10000.000000
21611.10	10000.000000
21711.10	10000.000000
21811.10	10000.000000
21911.10	10000.000000
22011.10	10000.000000
22111.10	10000.000000
22211.10	10000.000000
22311.10	10000.000000
22411.10	10000.000000
22511.10	10000.000000
22611.10	10000.000000
22711.10	10000.000000
22811.10	10000.000000
22911.10	10000.000000
23011.10	10000.000000
23111.10	10000.000000
23211.10	10000.000000
23311.10	10000.000000
23411.10	10000.000000
23511.10	10000.000000
23611.10	10000.000000
111.10	10000.000000
211.10	10000.000000
311.10	10000.000000
411.10	10000.000000
111.10	10000.000000
211.10	10000.000000
311.10	10000.000000
411.10	10000.000000
511.10	10000.000000
611.10	10000.000000
711.10	10000.000000
811.10	10000.000000
911.10	10000.000000
1011.10	10000.000000
1111.10	10000.000000
1211.10	10000.000000
1311.10	10000.000000
1411.10	10000.000000
1511.10	10000.000000
1611.10	10000.000000
1711.10	10000.000000
1811.10	10000.000000
1911.10	10000.000000
2011.10	10000.000000
2111.10	10000.000000
2211.10	10000.000000
2311.10	10000.000000
2411.10	10000.000000
2511.10	10000.000000
2611.10	10000.000000
2711.10	10000.000000
2811.10	10000.000000
2911.10	10000.000000
3011.10	10000.000000
3111.10	10000.000000
3211.10	10000.000000
3311.10	10000.000000
3411.10	10000.000000
3511.10	10000.000000
3611.10	10000.000000
3711.10	10000.000000
3811.10	10000.000000
3911.10	10000.000000
4011.10	10000.000000
4111.10	10000.000000
4211.10	10000.000000
4311.10	10000.000000
4411.10	10000.000000
4511.10	10000.000000
4611.10	10000.000000
4711.10	10000.000000
4811.10	10000.000000
4911.10	10000.000000
5011.10	10000.000000
5111.10	10000.000000
5211.10	10000.000000
5311.10	10000.000000
5411.10	10000.000000
5511.10	10000.000000
5611.10	10000.000000
5711.10	10000.000000
5811.10	10000.000000
5911.10	10000.000000
6011.10	10000.000000
6111.10	10000.000000
6211.10	10000.000000
6311.10	10000.000000
6411.10	10000.000000
6511.10	10000.000000
6611.10	10000.000000
6711.10	10000.000000
6811.10	10000.000000
6911.10	10000.000000
7011.10	10000.000000
7111.10	10000.000000
7211.10	10000.000000
7311.10	10000.000000
7411.10	10000.000000
7511.10	10000.000000
7611.10	10000.000000
7711.10	10000.000000
7811.10	10000.000000
7911.10	10000.000000
8011.10	10000.000000
8111.10	10000.000000
8211.10	10000.000000
8311.10	10000.000000
8411.10	10000.000000
8511.10	10000.000000
8611.10	10000.000000
8711.10	10000.000000
8811.10	10000.000000
8911.10	10000.000000
9011.10	10000.000000
9111.10	10000.000000
9211.10	10000.000000
9311.10	10000.000000
9411.10	10000.000000
9511.10	10000.000000
9611.10	10000.000000
9711.10	10000.000000
9811.10	10000.000000
9911.10	10000.000000
10011.10	10000.000000
10111.10	10000.000000
10211.10	10000.000000
10311.10	10000.000000
10411.10	10000.000000
10511.10	10000.000000
10611.10	10000.000000
10711.10	10000.000000
10811.10	10000.000000
10911.10	10000.000000
11011.10	10000.000000
11111.10	10000.000000
11211.10	10000.000000
11311.10	10000.000000
11411.10	10000.000000
11511.10	10000.000000
11611.10	10000.000000
11711.10	10000.000000
11811.10	10000.000000
11911.10	10000.000000
12011.10	10000.000000
12111.10	10000.000000
12211.10	10000.000000
12311.10	10000.000000
12411.10	10000.000000
12511.10	10000.000000
12611.10	10000.000000
12711.10	10000.000000
12811.10	10000.000000
111.10	10000.000000
211.10	10000.000000
311.10	10000.000000
411.10	10000.000000
511.10	10000.000000
611.10	10000.000000
711.10	10000.000000
811.10	10000.000000
911.10	10000.000000
1011.10	10000.000000
1111.10	10000.000000
1211.10	10000.000000
1311.10	10000.000000
1411.10	10000.000000
1511.10	10000.000000
1611.10	10000.000000
1711.10	10000.000000
1811.10	10000.000000
1911.10	10000.000000
2011.10	10000.000000
2111.10	10000.000000
2211.10	10000.000000
2311.10	10000.000000
2411.10	10000.000000
2511.10	10000.000000
2611.10	10000.000000
2711.10	10000.000000
2811.10	10000.000000
2911.10	10000.000000
3011.10	10000.000000
3111.10	10000.000000
3211.10	10000.000000
3311.10	10000.000000
3411.10	10000.000000
3511.10	10000.000000
3611.10	10000.000000
3711.10	10000.000000
3811.10	10000.000000
3911.10	10000.000000
4011.10	10000.000000
4111.10	10000.000000
4211.10	10000.000000
4311.10	10000.000000
4411.10	10000.000000
4511.10	10000.000000
4611.10	10000.000000
4711.10	10000.000000
4811.10	10000.000000
4911.10	10000.000000
5011.10	10000.000000
5111.10	10000.000000
5211.10	10000.000000
5311.10	10000.000000
5411.10	10000.000000
5511.10	10000.000000
5611.10	10000.000000
5711.10	10000.000000
5811.10	10000.000000
5911.10	10000.000000
6011.10	10000.000000
6111.10	10000.000000
6211.10	10000.000000
6311.10	10000.000000
6411.10	10000.000000
6511.10	10000.000000
6611.10	10000.000000
6711.10	10000.000000
6811.10	10000.000000
6911.10	10000.000000
7011.10	10000.000000
7111.10	10000.000000
7211.10	10000.000000
7311.10	10000.000000
7411.10	10000.000000
7511.10	10000.000000
7611.10	10000.000000
7711.10	10000.000000
7811.10	10000.000000
7911.10	10000.000000
8011.10	10000.000000
8111.10	10000.000000
8211.10	10000.000000
8311.10	10000.000000
8411.10	10000.000000
8511.10	10000.000000
8611.10	10000.000000
8711.10	10000.000000
8811.10	10000.000000
8911.10	10000.000000
9011.10	10000.000000
9111.10	10000.000000
9211.10	10000.000000
9311.10	10000.000000
9411.10	10000.000000
9511.10	10000.000000
9611.10	10000.000000
9711.10	10000.000000
9811.10	10000.000000
9911.10	10000.000000
10011.10	10000.000000
10111.10	10000.000000
10211.10	10000.000000
10311.10	10000.000000
10411.10	10000.000000
10511.10	10000.000000
10611.10	10000.000000
10711.10	10000.000000
10811.10	10000.000000
10911.10	10000.000000
11011.10	10000.000000
11111.10	10000.000000
11211.10	10000.000000
11311.10	10000.000000
11411.10	10000.000000
11511.10	10000.000000
11611.10	10000.000000
11711.10	10000.000000
11811.10	10000.000000
11911.10	10000.000000
12011.10	10000.000000
12111.10	10000.000000
12211.10	10000.000000
12311.10	10000.000000
12411.10	10000.000000
12511.10	10000.000000
12611.10	10000.000000
12711.10	10000.000000
12811.10	10000.000000
12911.10	10000.000000
13011.10	10000.000000
13111.10	10000.000000
13211.10	10000.000000
13311.10	10000.000000
13411.10	10000.000000
13511.10	10000.000000
13611.10	10000.000000
13711.10	10000.000000
13811.10	10000.000000
13911.10	10000.000000
14011.10	10000.000000
14111.10	10000.000000
14211.10	10000.000000
14311.10	10000.000000
14411.10	10000.000000
14511.10	10000.000000
14611.10	10000.000000
14711.10	10000.000000
14811.10	10000.000000
14911.10	10000.000000
15011.10	10000.000000
15111.10	10000.000000
15211.10	10000.000000
15311.10	10000.000000
15411.10	10000.000000
15511.10	10000.000000
15611.10	10000.000000
15711.10	10000.000000
15811.10	10000.000000
111.10	10000.000000
211.10	10000.000000
311.10	10000.000000
411.10	10000.000000
511.10	10000.000000
611.10	10000.000000
711.10	10000.000000
811.10	10000.000000
911.10	10000.000000
1011.10	10000.000000
1111.10	10000.000000
1211.10	10000.000000
1311.10	10000.000000
1411.10	10000.000000
1511.10	10000.000000
1611.10	10000.000000
1711.10	10000.000000
1811.10	10000.000000
1911.10	10000.000000
2011.10	10000.000000
2111.10	10000.000000
2211.10	10000.000000
2311.10	10000.000000
2411.10	10000.000000
2511.10	10000.000000
2611.10	10000.000000
2711.10	10000.000000
2811.10	10000.000000
2911.10	10000.000000
3011.10	10000.000000
3111.10	10000.000000
3211.10	10000.000000
3311.10	10000.000000
3411.10	10000.000000
3511.10	10000.000000
3611.10	10000.000000
3711.10	10000.000000
3811.10	10000.000000
3911.10	10000.000000
4011.10	10000.000000
4111.10	10000.000000
4211.10	10000.000000
4311.10	10000.000000
4411.10	10000.000000
4511.10	10000.000000
4611.10	10000.000000
4711.10	10000.000000
4811.10	10000.000000
4911.10	10000.000000
5011.10	10000.000000
5111.10	10000.000000
5211.10	10000.000000
5311.10	10000.000000
5411.10	10000.000000
5511.10	10000.000000
5611.10	10000.000000
5711.10	10000.000000
5811.10	10000.000000
5911.10	10000.000000
6011.10	10000.000000
6111.10	10000.000000
6211.10	10000.000000
6311.10	10000.000000
6411.10	10000.000000
6511.10	10000.000000
6611.10	10000.000000
6711.10	10000.000000
6811.10	10000.000000
6911.10	10000.000000
7011.10	10000.000000
7111.10	10000.000000
7211.10	10000.000000
7311.10	10000.000000
7411.10	10000.000000
7511.10	10000.000000
7611.10	10000.000000
7711.10	10000.000000
7811.10	10000.000000
7911.10	10000.000000
8011.10	10000.000000
8111.10	10000.000000
8211.10	10000.000000
8311.10	10000.000000
8411.10	10000.000000
8511.10	10000.000000
8611.10	10000.000000
8711.10	10000.000000
8811.10	10000.000000
8911.10	10000.000000
9011.10	10000.000000
9111.10	10000.000000
9211.10	10000.000000
9311.10	10000.000000
9411.10	10000.000000
9511.10	10000.000000
9611.10	10000.000000
9711.10	10000.000000
9811.10	10000.000000
9911.10	10000.000000
10011.10	10000.000000
10111.10	10000.000000
10211.10	10000.000000
10311.10	10000.000000
10411.10	10000.000000
10511.10	10000.000000
10611.10	10000.000000
10711.10	10000.000000
10811.10	10000.000000
10911.10	10000.000000
11011.10	10000.000000
11111.10	10000.000000
11211.10	10000.000000
11311.10	10000.000000
11411.10	10000.000000
11511.10	10000.000000
11611.10	10000.000000
11711.10	10000.000000
11811.10	10000.000000
11911.10	10000.000000
12011.10	10000.000000
12111.10	10000.000000
12211.10	10000.000000
12311.10	10000.000000
12411.10	10000.000000
12511.10	10000.000000
12611.10	10000.000000
12711.10	10000.000000
12811.10	10000.000000
12911.10	10000.000000
13011.10	10000.000000
13111.10	10000.000000
13211.10	10000.000000
13311.10	10000.000000
13411.10	10000.000000
13511.10	10000.000000
13611.10	10000.000000
13711.10	10000.000000
13811.10	10000.000000
13911.10	10000.000000
14011.10	10000.000000
14111.10	10000.000000
14211.10	10000.000000
14311.10	10000.000000
14411.10	10000.000000
14511.10	10000.000000
14611.10	10000.000000
14711.10	10000.000000
14811.10	10000.000000
14911.10	10000.000000
15011.10	10000.000000
15111.10	10000.000000
15211.10	10000.000000
15311.10	10000.000000
15411.10	10000.000000
15511.10	10000.000000
15611.10	10000.000000
15711.10	10000.000000
15811.10	10000.000000
15911.10	10000.000000
16011.10	10000.000000
16111.10	10000.000000
16211.10	10000.000000
16311.10	10000.000000
16411.10	10000.000000
16511.10	10000.000000
16611.10	10000.000000
16711.10	10000.000000
16811.10	10000.000000
16911.10	10000.000000
17011.10	10000.000000
17111.10	10000.000000
17211.10	10000.000000
17311.10	10000.000000
17411.10	10000.000000
17511.10	10000.000000
17611.10	10000.000000
17711.10	10000.000000
17811.10	10000.000000
17911.10	10000.000000
18011.10	10000.000000
18111.10	10000.000000
18211.10	10000.000000
18311.10	10000.000000
18411.10	10000.000000
18511.10	10000.000000
18611.10	10000.000000
18711.10	10000.000000
18811.10	10000.000000
18911.10	10000.000000
19011.10	10000.000000
19111.10	10000.000000
19211.10	10000.000000
19311.10	10000.000000
19411.10	10000.000000
19511.10	10000.000000
19611.10	10000.000000
19711.10	10000.000000
19811.10	10000.000000
19911.10	10000.000000
20011.10	10000.000000
20111.10	10000.000000
20211.10	10000.000000
20311.10	10000.000000
20411.10	10000.000000
20511.10	10000.000000
20611.10	10000.000000
20711.10	10000.000000
20811.10	10000.000000
20911.10	10000.000000
21011.10	10000.000000
21111.10	10000.000000
21211.10	10000.000000
21311.10	10000.000000
21411.10	10000.000000
21511.10	10000.000000
21611.10	10000.000000
21711.10	10000.000000
21811.10	10000.000000
21911.10	10000.000000
22011.10	10000.000000
22111.10	10000.000000
22211.10	10000.000000
22311.10	10000.000000
22411.10	10000.000000
22511.10	10000.000000
22611.10	10000.000000
22711.10	10000.000000
22811.10	10000.000000
22911.10	10000.000000
23011.10	10000.000000
23111.10	10000.000000
23211.10	10000.000000
23311.10	10000.000000
23411.10	10000.000000
23511.10	10000.000000
23611.10	10000.000000
23711.10	10000.000000
23811.10	10000.000000
23911.10	10000.000000
24011.10	10000.000000
24111.10	10000.000000
24211.10	10000.000000
24311.10	10000.000000
24411.10	10000.000000
24511.10	10000.000000
24611.10	10000.000000
24711.10	10000.000000
24811.10	10000.000000
24911.10	10000.000000
25011.10	10000.000000
25111.10	10000.000000
25211.10	10000.000000
25311.10	10000.000000
25411.10	10000.000000
25511.10	10000.000000
25611.10	10000.000000
25711.10	10000.000000
25811.10	10000.000000
25911.10	10000.000000
26011.10	10000.000000
26111.10	10000.000000
26211.10	10000.000000
26311.10	10000.000000
26411.10	10000.000000
26511.10	10000.000000
111.10	9909.400000
211.10	9700.920000
311.10	9452.640000
411.10	9222.040000
511.10	8970.320000
611.10	8757.760000
711.10	8550.720000
811.10	8355.680000
911.10	8148.840000
1011.10	8051.720000
1111.10	7969.440000
1211.10	7908.920000
1311.10	7865.600000
1411.10	7809.760000
1511.10	7758.760000
1611.10	7706.920000
1711.10	7659.000000
1811.10	7603.880000
1911.10	7593.200000
2011.10	7583.200000
2111.10	7573.200000
2211.10	7563.200000
2311.10	7553.200000
2411.10	7543.200000
2511.10	7533.200000
2611.10	7523.200000
2711.10	7513.200000
2811.10	7503.200000
2911.10	7493.200000
3011.10	7483.200000
3111.10	7473.200000
3211.10	7463.200000
3311.10	7453.200000
3411.10	7443.200000
3511.10	7433.200000
3611.10	7423.200000
3711.10	7413.200000
3811.10	7403.200000
3911.10	7393.200000
4011.10	7383.200000
4111.10	7373.200000
4211.10	7363.200000
4311.10	7353.200000
4411.10	7343.200000
4511.10	7333.200000
4611.10	7323.200000
4711.10	7313.200000
4811.10	7303.200000
4911.10	7293.200000
5011.10	7283.200000
5111.10	7273.200000
5211.10	7263.200000
5311.10	7253.200000
5411.10	7243.200000
5511.10	7233.200000
5611.10	7223.200000
5711.10	7213.200000
5811.10	7203.200000
5911.10	7193.200000
6011.10	7183.200000
6111.10	7173.200000
6211.10	7163.200000
6311.10	7153.200000
6411.10	7143.200000
6511.10	7133.200000
6611.10	7123.200000
6711.10	7113.200000
6811.10	7103.200000
6911.10	7093.200000
7011.10	7083.200000
7111.10	7073.200000
7211.10	7063.200000
7311.10	7053.200000
7411.10	7043.200000
7511.10	7033.200000
7611.10	7023.200000
7711.10	7013.200000
7811.10	7003.200000
7911.10	6993.200000
8011.10	6983.200000
8111.10	6973.200000
8211.10	6963.200000
8311.10	6953.200000
8411.10	6943.200000
8511.10	6933.200000
8611.10	6923.200000
8711.10	6913.200000
8811.10	6903.200000
8911.10	6893.200000
9011.10	6883.200000
9111.10	6873.200000
9211.10	6863.200000
9311.10	6853.200000
9411.10	6843.200000
9511.10	6833.200000
9611.10	6823.200000
9711.10	6813.200000
9811.10	6803.200000
9911.10	6793.200000
10011.10	6783.200000
10111.10	6647.560000
10211.10	6506.640000
10311.10	6366.320000
10411.10	6356.320000
10511.10	6346.320000
10611.10	6336.320000
10711.10	6326.320000
10811.10	6316.320000
10911.10	6306.320000
11011.10	6296.320000
11111.10	6286.320000
11211.10	6276.320000
11311.10	6266.320000
11411.10	6256.320000
11511.10	6246.320000
11611.10	6236.320000
11711.10	6226.320000
11811.10	6216.320000
11911.10	6206.320000
12011.10	6196.320000
12111.10	6186.320000
12211.10	6176.320000
12311.10	6166.320000
12411.10	6156.320000
12511.10	6146.320000
12611.10	6136.320000
12711.10	6126.320000
12811.10	6116.320000
12911.10	6106.320000
13011.10	6096.320000
13111.10	6086.320000
13211.10	6076.320000
13311.10	6066.320000
13411.10	6056.320000
13511.10	6046.320000
13611.10	6036.320000
13711.10	6026.320000
13811.10	6016.320000
13911.10	6006.320000
14011.10	5996.320000
14111.10	5986.320000
14211.10	5976.320000
14311.10	5966.320000
14411.10	5956.320000
14511.10	5946.320000
14611.10	5936.320000
14711.10	5926.320000
14811.10	5916.320000
14911.10	5906.320000
15011.10	5896.320000
15111.10	5886.320000
15211.10	5876.320000
15311.10	5866.320000
15411.10	5856.320000
15511.10	5846.320000
15611.10	5836.320000
15711.10	5826.320000
15811.10	5816.320000
15911.10	5806.320000
16011.10	5796.320000
16111.10	5786.320000
16211.10	5776.320000
16311.10	5766.320000
16411.10	5756.320000
16511.10	5746.320000
16611.10	5736.320000
16711.10	5726.320000
16811.10	5716.320000
16911.10	5706.320000
17011.10	5696.320000
17111.10	5686.320000
17211.10	5676.320000
17311.10	5666.320000
17411.10	5656.320000
17511.10	5646.320000
17611.10	5636.320000
17711.10	5626.320000
17811.10	5616.320000
17911.10	5606.320000
18011.10	5596.320000
18111.10	5586.320000
18211.10	5576.320000
18311.10	5566.320000
18411.10	5556.320000
18511.10	5546.320000
18611.10	5536.320000
18711.10	5526.320000
18811.10	5516.320000
18911.10	5506.320000
19011.10	5496.320000
19111.10	5486.320000
19211.10	5476.320000
19311.10	5466.320000
19411.10	5456.320000
19511.10	5446.320000
19611.10	5436.320000
19711.10	5426.320000
19811.10	5416.320000
19911.10	5406.320000
20011.10	5396.320000
20111.10	5386.320000
20211.10	5376.320000
20311.10	5366.320000
20411.10	5356.320000
20511.10	5346.320000
20611.10	5336.320000
20711.10	5326.320000
20811.10	5316.320000
20911.10	5306.320000
21011.10	5296.320000
21111.10	5286.320000
21211.10	5276.320000
21311.10	5266.320000
21411.10	5256.320000
21511.10	5246.320000
21611.10	5236.320000
21711.10	5226.320000
21811.10	5216.320000
21911.10	5206.320000
22011.10	5196.320000
22111.10	5186.320000
22211.10	5176.320000
22311.10	5166.320000
22411.10	5156.320000
22511.10	5146.320000
22611.10	5136.320000
22711.10	5126.320000
22811.10	5116.320000
22911.10	5106.320000
23011.10	5096.320000
23111.10	5086.320000
23211.10	5076.320000
23311.10	5066.320000
23411.10	5056.320000
23511.10	5046.320000
23611.10	5036.320000
23711.10	5026.320000
23811.10	5016.320000
23911.10	5006.320000
24011.10	4996.320000
24111.10	4986.320000
24211.10	4976.320000
24311.10	4966.320000
24411.10	4956.320000
24511.10	4946.320000
24611.10	4936.320000
24711.10	4926.320000
24811.10	4916.320000
24911.10	4906.320000
25011.10	4896.320000
25111.10	4886.320000
25211.10	4876.320000
25311.10	4866.320000
25411.10	4856.320000
25511.10	4846.320000
25611.10	4836.320000
25711.10	4826.320000
25811.10	4816.320000
25911.10	4806.320000
26011.10	4796.320000
26111.10	4786.320000
26211.10	4776.320000
26311.10	4766.320000
26411.10	4756.320000
26511.10	4746.320000
26611.10	4736.320000
26711.10	4726.320000
26811.10	4716.320000
26911.10	4706.320000
27011.10	4696.320000
27111.10	4686.320000
27211.10	4676.320000
27311.10	4666.320000
27411.10	4656.320000
27511.10	4646.320000
27611.10	4636.320000
27711.10	4626.320000
27811.10	4616.320000
27911.10	4606.320000
28011.10	4596.320000
28111.10	4586.320000
28211.10	4576.320000
28311.10	4566.320000
28411.10	4556.320000
28511.10	4546.320000
28611.10	4536.320000
28711.10	4526.320000
28811.10	4516.320000
28911.10	4506.320000
29011.10	4496.320000
29111.10	4486.320000
29211.10	4476.320000
29311.10	4466.320000
29411.10	4456.320000
29511.10	4446.320000
29611.10	4436.320000
29711.10	4426.320000
29811.10	4416.320000
29911.10	4406.320000
30011.10	4396.320000
30111.10	4386.320000
30211.10	4376.320000
30311.10	4366.320000
30411.10	4356.320000
30511.10	4346.320000
30611.10	4336.320000
30711.10	4326.320000
30811.10	4316.320000
30911.10	4306.320000
31011.10	4296.320000
31111.10	4286.320000
31211.10	4276.320000
31311.10	4266.320000
31411.10	4256.320000
31511.10	4246.320000
31611.10	4236.320000
31711.10	4226.320000
31811.10	4216.320000
31911.10	4206.320000
32011.10	4196.320000
32111.10	4186.320000
32211.10	4176.320000
32311.10	4166.320000
32411.10	4156.320000
32511.10	4146.320000
32611.10	4136.320000
32711.10	4126.320000
32811.10	4116.320000
32911.10	4106.320000
33011.10	4096.320000
33111.10	4086.320000
33211.10	4076.320000
33311.10	4066.320000
33411.10	4056.320000
33511.10	4046.320000
33611.10	4036.320000
33711.10	4026.320000
33811.10	4016.320000
33911.10	4006.320000
34011.10	3996.320000
34111.10	3986.320000
34211.10	3976.320000
34311.10	3966.320000
34411.10	3956.320000
34511.10	3946.320000
34611.10	3936.320000
34711.10	3926.320000
34811.10	3916.320000
34911.10	3906.320000
35011.10	3896.320000
35111.10	3886.320000
35211.10	3876.320000
35311.10	3866.320000
35411.10	3856.320000
35511.10	3846.320000
35611.10	3836.320000
35711.10	3826.320000
35811.10	3816.320000
35911.10	3806.320000
36011.10	3796.320000
36111.10	3786.320000
36211.10	3776.320000
36311.10	3766.320000
36411.10	3756.320000
36511.10	3746.320000
36611.10	3736.320000
36711.10	3726.320000
36811.10	3716.320000
36911.10	3706.320000
37011.10	3696.320000
37111.10	3686.320000
37211.10	3676.320000
37311.10	3666.320000
37411.10	3656.320000
37511.10	3646.320000
37611.10	3636.320000
37711.10	3626.320000
37811.10	3616.320000
37911.10	3606.320000
38011.10	3596.320000
38111.10	3586.320000
38211.10	3576.320000
38311.10	3566.320000
38411.10	3556.320000
38511.10	3546.320000
38611.10	3536.320000
38711.10	3526.320000
38811.10	3516.320000
38911.10	3506.320000
39011.10	3496.320000
39111.10	3486.320000
39211.10	3476.320000
39311.10	3466.320000
39411.10	3456.320000
39511.10	3446.320000
39611.10	3436.320000
39711.10	3426.320000
39811.10	3416.320000
39911.10	3406.320000
111.10	9926.585000
211.10	9696.300000
311.10	9394.660000
411.10	9092.805000
511.10	8786.115000
611.10	8500.035000
711.10	8211.495000
811.10	7939.135000
911.10	7656.535000
1011.10	7381.610000
1111.10	7099.560000
1211.10	6827.825000
1311.10	6572.985000
1411.10	6321.890000
1511.10	6100.480000
1611.10	5875.640000
1711.10	5685.195000
1811.10	5483.040000
1911.10	5311.465000
2011.10	5145.900000
2111.10	4993.970000
2211.10	4857.545000
2311.10	4724.375000
2411.10	4621.010000
2511.10	4518.955000
2611.10	4447.470000
2711.10	4374.520000
2811.10	4325.385000
2911.10	4273.960000
3011.10	4239.085000
3111.10	4206.340000
3211.10	4188.295000
3311.10	4172.190000
3411.10	4149.655000
3511.10	4133.385000
3611.10	4117.140000
3711.10	4104.160000
3811.10	4087.840000
3911.10	4071.510000
4011.10	4054.820000
4111.10	4038.375000
4211.10	4021.990000
4311.10	4003.625000
4411.10	3987.230000
4511.10	3970.320000
4611.10	3954.275000
4711.10	3937.995000
4811.10	3920.625000
4911.10	3905.360000
5011.10	3887.950000
5111.10	3872.490000
5211.10	3856.795000
5311.10	3841.360000
5411.10	3825.665000
5511.10	3810.205000
5611.10	3794.535000
5711.10	3779.075000
5811.10	3763.380000
5911.10	3747.945000
6011.10	3732.485000
6111.10	3716.790000
6211.10	3701.355000
6311.10	3685.660000
6411.10	3670.200000
6511.10	3654.530000
6611.10	3640.370000
6711.10	3630.420000
6811.10	3618.235000
6911.10	3608.950000
7011.10	3596.205000
7111.10	3586.450000
7211.10	3575.615000
7311.10	3562.485000
7411.10	3552.045000
7511.10	3536.255000
7611.10	3525.955000
7711.10	3513.445000
7811.10	3495.840000
7911.10	3478.375000
8011.10	3462.355000
8111.10	3447.465000
8211.10	3425.410000
8311.10	3413.655000
8411.10	3403.910000
8511.10	3393.890000
8611.10	3384.080000
8711.10	3372.955000
8811.10	3363.095000
8911.10	3352.935000
9011.10	3343.040000
9111.10	3333.175000
9211.10	3321.920000
9311.10	3312.150000
9411.10	3302.105000
9511.10	3292.360000
9611.10	3282.365000
9711.10	3272.545000
9811.10	3262.575000
9911.10	3252.805000
10011.10	3242.720000
10111.10	3191.705000
10211.10	3142.110000
10311.10	3096.970000
10411.10	3051.775000
10511.10	3010.160000
10611.10	2974.115000
10711.10	2937.835000
10811.10	2902.680000
10911.10	2874.965000
11011.10	2863.930000
11111.10	2834.880000
11211.10	2820.115000
11311.10	2791.420000
11411.10	2770.880000
11511.10	2737.760000
11611.10	2720.755000
11711.10	2701.070000
11811.10	2678.810000
11911.10	2663.035000
12011.10	2639.415000
12111.10	2622.165000
12211.10	2596.530000
12311.10	2576.420000
12411.10	2543.770000
12511.10	2522.480000
12611.10	2494.730000
12711.10	2485.025000
12811.10	2467.715000
12911.10	2460.020000
13011.10	2451.180000
13111.10	2436.315000
13211.10	2413.335000
13311.10	2390.505000
13411.10	2374.920000
13511.10	2345.085000
13611.10	2330.825000
13711.10	2304.235000
13811.10	2287.325000
13911.10	2274.655000
14011.10	2270.200000
14111.10	2254.735000
14211.10	2248.030000
14311.10	2236.615000
14411.10	2227.655000
14511.10	2210.235000
14611.10	2200.960000
14711.10	2194.340000
14811.10	2178.870000
14911.10	2167.845000
15011.10	2141.960000
15111.10	2121.895000
15211.10	2092.320000
15311.10	2070.620000
15411.10	2056.845000
15511.10	2031.510000
15611.10	1998.705000
15711.10	1977.520000
15811.10	1970.195000
15911.10	1965.360000
16011.10	1963.025000
16111.10	1957.625000
16211.10	1956.330000
16311.10	1950.935000
16411.10	1946.805000
16511.10	1944.040000
16611.10	1937.220000
16711.10	1933.580000
16811.10	1923.250000
16911.10	1919.080000
17011.10	1911.070000
17111.10	1906.900000
17211.10	1896.170000
17311.10	1888.645000
17411.10	1878.415000
17511.10	1870.320000
17611.10	1864.245000
17711.10	1848.435000
17811.10	1836.040000
17911.10	1826.795000
18011.10	1817.295000
18111.10	1802.705000
18211.10	1794.065000
18311.10	1778.400000
18411.10	1769.490000
18511.10	1757.640000
18611.10	1749.040000
18711.10	1737.825000
18811.10	1730.815000
18911.10	1716.655000
19011.10	1708.550000
19111.10	1698.185000
19211.10	1694.125000
19311.10	1689.985000
19411.10	1684.920000
19511.10	1677.430000
19611.10	1668.530000
19711.10	1661.540000
19811.10	1656.200000
19911.10	1653.710000
20011.10	1649.255000
20111.10	1646.740000
20211.10	1642.460000
20311.10	1640.110000
20411.10	1636.580000
20511.10	1633.360000
20611.10	1630.490000
20711.10	1626.865000
20811.10	1623.340000
20911.10	1620.750000
21011.10	1618.785000
21111.10	1615.205000
21211.10	1613.415000
21311.10	1609.620000
21411.10	1608.010000
21511.10	1605.010000
21611.10	1602.525000
21711.10	1600.190000
21811.10	1597.195000
21911.10	1594.520000
22011.10	1591.930000
22111.10	1589.920000
22211.10	1586.430000
22311.10	1584.700000
22411.10	1580.705000
22511.10	1579.170000
22611.10	1576.285000
22711.10	1573.800000
22811.10	1571.685000
22911.10	1568.705000
23011.10	1566.205000
23111.10	1563.600000
23211.10	1561.665000
23311.10	1558.365000
23411.10	1556.725000
23511.10	1553.120000
23611.10	1551.620000
23711.10	1548.745000
23811.10	1546.325000
23911.10	1544.355000
24011.10	1541.440000
24111.10	1539.040000
24211.10	1536.435000
24311.10	1534.560000
24411.10	1531.245000
24511.10	1529.605000
24611.10	1526.000000
24711.10	1524.530000
24811.10	1521.630000
24911.10	1519.140000
25011.10	1517.155000
25111.10	1514.375000
25211.10	1512.170000
25311.10	1509.855000
25411.10	1508.250000
25511.10	1505.225000
25611.10	1503.780000
25711.10	1500.465000
25811.10	1499.175000
25911.10	1496.645000
26011.10	1494.425000
26111.10	1492.650000
26211.10	1489.930000
26311.10	1487.685000
26411.10	1485.465000
26511.10	1483.860000
26611.10	1480.965000
26711.10	1479.520000
26811.10	1476.335000
26911.10	1475.045000
27011.10	1472.645000
27111.10	1470.425000
27211.10	1468.685000
27311.10	1466.140000
27411.10	1463.970000
27511.10	1461.610000
27611.10	1460.005000
27711.10	1457.245000
27811.10	1455.800000
27911.10	1452.750000
28011.10	1451.460000
28111.10	1449.195000
28211.10	1446.975000
28311.10	1445.235000
28411.10	1442.825000
28511.10	1440.655000
28611.10	1438.570000
28711.10	1436.905000
28811.10	1434.155000
28911.10	1432.720000
29011.10	1429.680000
29111.10	1428.400000
29211.10	1426.135000
29311.10	1423.935000
29411.10	1422.195000
29511.10	1419.805000
29611.10	1417.635000
29711.10	1415.525000
29811.10	1413.965000
29911.10	1411.215000
30011.10	1409.780000
30111.10	1406.700000
30211.10	1405.465000
30311.10	1403.245000
30411.10	1401.090000
30511.10	1399.335000
30611.10	1396.990000
30711.10	1394.920000
30811.10	1392.855000
30911.10	1391.340000
31011.10	1388.620000
31111.10	1387.230000
31211.10	1384.365000
31311.10	1383.130000
31411.10	1380.975000
31511.10	1378.885000
31611.10	1377.245000
31711.10	1374.975000
31811.10	1372.825000
31911.10	1370.835000
32011.10	1369.415000
32111.10	1366.840000
32211.10	1365.450000
32311.10	1362.680000
32411.10	1361.445000
32511.10	1359.385000
32611.10	1357.295000
32711.10	1355.750000
32811.10	1353.480000
32911.10	1351.505000
33011.10	1349.515000
33111.10	1348.095000
33211.10	1345.520000
33311.10	1344.130000
33411.10	1341.290000
33511.10	1340.055000
33611.10	1338.070000
33711.10	1335.980000
33811.10	1334.445000
33911.10	1332.240000
34011.10	1330.275000
34111.10	1328.350000
34211.10	1326.940000
34311.10	1324.430000
34411.10	1323.040000
34511.10	1320.345000
34611.10	1319.110000
34711.10	1317.125000
34811.10	1315.035000
34911.10	1313.500000
35011.10	1311.295000
35111.10	1309.330000
35211.10	1307.405000
35311.10	1305.995000
35411.10	1303.485000
35511.10	1302.095000
35611.10	1299.400000
35711.10	1298.165000
35811.10	1296.180000
35911.10	1294.090000
36011.10	1292.555000
36111.10	1290.350000
36211.10	1288.385000
36311.10	1286.380000
36411.10	1285.035000
36511.10	1282.535000
36611.10	1281.160000
36711.10	1278.510000
36811.10	1277.360000
36911.10	1275.420000
37011.10	1273.370000
37111.10	1271.820000
37211.10	1269.660000
37311.10	1267.855000
37411.10	1265.975000
37511.10	1264.725000
37611.10	1262.260000
37711.10	1260.955000
37811.10	1258.380000
37911.10	1257.230000
38011.10	1255.265000
38111.10	1253.280000
38211.10	1251.875000
38311.10	1249.800000
38411.10	1248.005000
38511.10	1246.140000
38611.10	1244.900000
38711.10	1242.465000
38811.10	1241.290000
38911.10	1238.755000
39011.10	1237.735000
39111.10	1235.910000
39211.10	1233.990000
39311.10	1232.585000
39411.10	1230.585000
39511.10	1228.790000
39611.10	1227.070000
39711.10	1225.830000
39811.10	1223.395000
39911.10	1222.220000
111.10	10000.000000
211.10	10000.000000
311.10	10000.000000
111.10	10000.000000
211.10	10000.000000
311.10	10000.000000
411.10	10000.000000
511.10	10000.000000
611.10	10000.000000
711.10	10000.000000
811.10	10000.000000
911.10	10000.000000
1011.10	10000.000000
1111.10	10000.000000
1211.10	10000.000000
1311.10	10000.000000
1411.10	10000.000000
1511.10	10000.000000
1611.10	10000.000000
1711.10	10000.000000
1811.10	10000.000000
1911.10	10000.000000
2011.10	10000.000000
2111.10	10000.000000
2211.10	10000.000000
2311.10	10000.000000
2411.10	10000.000000
2511.10	10000.000000
2611.10	10000.000000
2711.10	10000.000000
2811.10	10000.000000
2911.10	10000.000000
3011.10	10000.000000
3111.10	10000.000000
3211.10	10000.000000
3311.10	10000.000000
3411.10	10000.000000
3511.10	10000.000000
3611.10	10000.000000
3711.10	10000.000000
3811.10	10000.000000
3911.10	10000.000000
4011.10	10000.000000
4111.10	10000.000000
4211.10	10000.000000
4311.10	10000.000000
4411.10	10000.000000
4511.10	10000.000000
4611.10	10000.000000
4711.10	10000.000000
4811.10	10000.000000
4911.10	10000.000000
5011.10	10000.000000
5111.10	10000.000000
5211.10	10000.000000
5311.10	10000.000000
5411.10	10000.000000
5511.10	10000.000000
5611.10	10000.000000
5711.10	10000.000000
5811.10	10000.000000
5911.10	10000.000000
6011.10	10000.000000
6111.10	10000.000000
6211.10	10000.000000
6311.10	10000.000000
6411.10	10000.000000
6511.10	10000.000000
6611.10	10000.000000
6711.10	10000.000000
6811.10	10000.000000
6911.10	10000.000000
7011.10	10000.000000
7111.10	10000.000000
7211.10	10000.000000
7311.10	10000.000000
7411.10	10000.000000
7511.10	10000.000000
7611.10	10000.000000
7711.10	10000.000000
7811.10	10000.000000
7911.10	10000.000000
8011.10	10000.000000
8111.10	10000.000000
8211.10	10000.000000
8311.10	10000.000000
8411.10	10000.000000
8511.10	10000.000000
8611.10	10000.000000
8711.10	10000.000000
8811.10	10000.000000
8911.10	10000.000000
9011.10	10000.000000
9111.10	10000.000000
9211.10	10000.000000
9311.10	10000.000000
9411.10	10000.000000
9511.10	10000.000000
9611.10	10000.000000
9711.10	10000.000000
9811.10	10000.000000
9911.10	10000.000000
10011.10	10000.000000
10111.10	10000.000000
10211.10	10000.000000
10311.10	10000.000000
10411.10	10000.000000
10511.10	10000.000000
10611.10	10000.000000
10711.10	10000.000000
10811.10	10000.000000
10911.10	10000.000000
11011.10	10000.000000
11111.10	10000.000000
11211.10	10000.000000
11311.10	10000.000000
11411.10	10000.000000
11511.10	10000.000000
11611.10	10000.000000
11711.10	10000.000000
11811.10	10000.000000
11911.10	10000.000000
12011.10	10000.000000
12111.10	10000.000000
12211.10	10000.000000
12311.10	10000.000000
12411.10	10000.000000
12511.10	10000.000000
12611.10	10000.000000
12711.10	10000.000000
12811.10	10000.000000
12911.10	10000.000000
13011.10	10000.000000
13111.10	10000.000000
13211.10	10000.000000
13311.10	10000.000000
13411.10	10000.000000
13511.10	10000.000000
13611.10	10000.000000
13711.10	10000.000000
13811.10	10000.000000
13911.10	10000.000000
14011.10	10000.000000
14111.10	10000.000000
14211.10	10000.000000
14311.10	10000.000000
14411.10	10000.000000
14511.10	10000.000000
14611.10	10000.000000
14711.10	10000.000000
14811.10	10000.000000
14911.10	10000.000000
15011.10	10000.000000
15111.10	10000.000000
15211.10	10000.000000
15311.10	10000.000000
15411.10	10000.000000
15511.10	10000.000000
15611.10	10000.000000
15711.10	10000.000000
15811.10	10000.000000
15911.10	10000.000000
16011.10	10000.000000
16111.10	10000.000000
16211.10	10000.000000
16311.10	10000.000000
16411.10	10000.000000
16511.10	10000.000000
16611.10	10000.000000
16711.10	10000.000000
16811.10	10000.000000
16911.10	10000.000000
17011.10	10000.000000
17111.10	10000.000000
17211.10	10000.000000
17311.10	10000.000000
17411.10	10000.000000
17511.10	10000.000000
17611.10	10000.000000
17711.10	10000.000000
17811.10	10000.000000
17911.10	10000.000000
18011.10	10000.000000
18111.10	10000.000000
18211.10	10000.000000
18311.10	10000.000000
18411.10	10000.000000
18511.10	10000.000000
18611.10	10000.000000
18711.10	10000.000000
18811.10	10000.000000
18911.10	10000.000000
19011.10	10000.000000
19111.10	10000.000000
19211.10	10000.000000
19311.10	10000.000000
19411.10	10000.000000
19511.10	10000.000000
19611.10	10000.000000
19711.10	10000.000000
19811.10	10000.000000
19911.10	10000.000000
20011.10	10000.000000
20111.10	10000.000000
20211.10	10000.000000
